Lenlab red 7.3 Voltmeter-Daten
Zeit;Kanal_1
0;0.0467285
0.2;0.0459229
0.4;0.0459229
0.6;0.0443115
0.8;0.0370605
1;0.0394775
1.2;0.0499512
1.4;0.0467285
1.6;0.0491455
1.8;0.0483398
2;0.0507568
2.2;0.0499512
2.4;0.0491455
2.6;0.0515625
2.8;0.0515625
3;0.0539795
3.2;0.0507568
3.4;0.0523682
3.6;0.0531738
3.8;0.0507568
4;0.0555908
4.2;0.0515625
4.4;0.0523682
4.6;0.0507568
4.8;0.0531738
5;0.0523682
5.2;0.0563965
5.4;0.0555908
5.6;0.0555908
5.8;0.199805
6;0.427808
6.2;0.456812
6.4;0.456006
6.6;0.454395
6.8;0.451978
7;0.456006
7.2;0.456812
