Lenlab red 7.3 Voltmeter-Daten
Zeit;Kanal_1
0;3.29597
0.2;3.29517
0.4;3.29597
0.6;3.29597
0.8;3.29597
1;3.29436
1.2;3.29517
1.4;3.29597
1.6;3.29436
1.8;3.29355
2;3.29597
2.2;3.29517
2.4;3.02769
2.6;2.76021
2.8;2.51125
3;2.28083
3.2;2.08909
3.4;1.90217
3.6;1.73379
3.8;1.58716
4;1.44214
4.2;1.31404
4.4;1.19883
4.6;1.09893
4.8;1.00225
5;0.916846
5.2;0.835474
5.4;0.760547
5.6;0.695288
5.8;0.634058
6;0.579272
6.2;0.526904
6.4;0.483398
6.6;0.440698
6.8;0.404443
7;0.368994
7.2;0.335156
7.4;0.306958
7.6;0.283594
7.8;0.260229
8;0.236865
8.2;0.215918
8.4;0.197388
8.6;0.18208
8.8;0.167578
9;0.153882
9.2;0.142603
9.4;0.127295
9.6;0.119238
9.8;0.106348
10;0.0999023
10.2;0.0902344
10.4;0.0862061
10.6;0.0733154
10.8;0.0733154
11;0.0652588
11.2;0.0588135
11.4;0.0531738
11.6;0.0467285
11.8;0.0451172
12;0.0410889
12.2;0.0386719
12.4;0.0362549
12.6;0.0338379
12.8;0.0290039
13;0.0290039
13.2;0.0265869
13.4;0.0209473
13.6;0.0209473
13.8;0.0193359
14;0.0217529
14.2;0.0185303
14.4;0.014502
14.6;0.0161133
14.8;0.0136963
15;0.0112793
15.2;0.0136963
15.4;0.012085
15.6;0.00966797
15.8;0.00805664
16;0.00644531
