Lenlab red 7.3 Voltmeter-Daten
Zeit;Kanal_1
0;0.0644531
0.2;0.0604248
0.4;0.0644531
0.6;0.0620361
0.8;0.0636475
1;0.0628418
1.2;0.0620361
1.4;0.0668701
1.6;0.0636475
1.8;0.0628418
2;0.0628418
2.2;0.0636475
2.4;3.20977
2.6;3.20977
2.8;3.20735
3;3.21218
3.2;3.2146
3.4;3.21057
3.6;3.21702
3.8;3.04783
4;2.74812
4.2;2.47017
4.4;2.21799
4.6;1.99805
4.8;1.7926
5;1.61375
5.2;1.4502
5.4;1.29873
5.6;1.15854
5.8;1.0377
6;0.930542
6.2;0.826611
6.4;0.732349
6.6;0.647754
6.8;0.576855
7;0.510791
7.2;0.450366
7.4;0.390747
7.6;0.340796
7.8;0.295679
8;0.257007
8.2;0.217529
8.4;0.183691
8.6;0.156299
8.8;0.130518
9;0.107959
9.2;0.088623
9.4;0.0757324
9.6;0.0717041
9.8;0.0749268
10;0.0684814
10.2;0.0644531
10.4;0.0628418
10.6;0.0628418
10.8;0.0668701
11;0.0652588
11.2;0.0620361
11.4;0.0644531
11.6;0.0644531
11.8;0.0660645
